$ANSIBLE_VAULT;1.1;AES256
65323062646365323437376663386638386330613864303235653435303331383535643962316562
3965303531366133656538623432383732663262373232660a363339653139306263613231303161
37646663666334303532353331316263363437623961623335356133326166383838353032303538
3561663163333961390a653764363037306263643238353234353732316366336436626330633930
65346437616434396538633964356162623730373533323533666561363863366338626136303439
63373235386363363739373334333632313834383037646662663534383765363634393666326337
37663632616466323537393766326365666564376435623462363965316335663437656334376564
63356339316133666663633634343863316137393965386336666365363738633732636231333065
30323631663063633864663630383733373964333966323262346535626232386166386464626633
63383434306161636539343237326635343131613137393531386264363362363031636532396430
33653332626335396666363533383131616663363838306163313534376330303730336130333535
31343733353465396465373533613261643630373134613563643363626134353534326665333734
62653133393330316537376330653964336236363133623533386365353462646462343666393762
63613462646633633335393562666131373665396130636334353537383761366236376132663963
36626632616164623338303937343036373339386539393763626130636365663632396234616430
64316331363761343738383132313263316638393664393836636631613533323163346634663064
64623334613639366162363132316466373439663361626564386465653031616533366361313562
63323633336233306561313733643934383262626330393161633761383530326466623638353066
66303165323637326163306237666637386330616134333861333065646436343662333339626633
65313066393639636138623135363039393463346231663364656131646233303337396462323338
33626662393331303736613561323137303035333861373336663539303566333733653065343038
39616663386236336234633235396230373566326632393939646461386332393737643136303165
37643632356334383434663037633339386362616434346232633434343163353139343438653736
39353932313734636435386334646635326634343836653831633835623237303739323331386334
33383333353733626266636435633661643262636163386436363338346533323135
