$ANSIBLE_VAULT;1.1;AES256
65393139366433306662333837623063363035636237323436336335313965636366393934353039
3730613265653331363930303737623466356639636362300a373562613937356339396564303732
65626237386439343335363231376633343138316239393833303763383234626462663435323766
6463353338623365660a306537393264336564373132326536313336376434393735363831393237
32616431663034633333333761616232653362633064386466666565643337653766313265663231
34333433336139393030646232303337316637393337613535366136346634623564623063663639
62363061643865626433323833616464633562363561633761346632343935613662353663336534
36646364343330666632656664666537393866613437303162363739306566313061376366383963
30313237633235346532393962363966336565356163323265623365323265323137653861373938
38353231626438336530666166303563613466613962346265636664356133373464613861316562
31653336343632653333646361353037643431613232343864333436666538373361373165376233
38633561643333616132386662343930633339663935386634386464633166393934613232643566
66373263626663626439303831393038356234666430653238343062313661633533313835386536
37663661316235386362326236396631353631363764376166333136666232313563306336396532
62613138336334356461386636326133633236343663353935353233653965363533623339656332
30393536323861653636623033333961383637343062313032373338363836653236323662393232
39343131383865616136626434633732333365666466623863633061373261383038653133623238
62633461313965663562366330336531626238356661306431613362616339393764363165373433
37643136643637613038376435616161396339666465396336336635663065353836626430396563
65373738353939663063623035613735666565613334613136383663623461643162333466346433
32653434653038323364613733373565633330333831313539373861343564353535393064636262
39333539646132386539346533613434333865626561363365626661356235383361373735353736
39616465303064613631356237386265353331383861316238326339646665303563376531373934
31393838326138303135646639326236613530346437333165646466316131633961666165396137
39306166386534376265393337663132623864346664386665333238643431613837
