$ANSIBLE_VAULT;1.1;AES256
66323839306363656134363064313932383163383434643136383438613331613137366639373834
3235643564653561346636363664343536626337336637660a396164636234373962323439613864
36323434363762303037663037666464646263363532623433313166326438376239393432643032
3935306266623436320a623165346432623637623362643763653465393531356566663234643837
62663330643561333762633463363132633866643632376536303533396438323431323835376134
36646131356134363439396266303539303065656237663836333839626330393937663466363861
39626164393430346165323563663561623631323561666133646436366565656333633036643235
66346333343764663134353739643738306638383437383839313035643435366561363964666162
35303038303539643766313638616234653636646233316166356433373435663165666137373434
30343564396564346436363464656264303431643930316561393165623561383965366630303639
65663664343539356163646132666233386363306663353434336132623130353037623232303134
32633539346135656437
